1026.0    9.3
1216.0  100.0
1302.0    3.5
1335.0    2.5
1400.0   19.0
1549.0   63.0
1610.0   46.0
1640.0   18.0
1858.0   29.0
2000.0   0.49
2080.0    4.1
2140.0   0.34 
2175.0   0.76
2210.0   26.0
2225.0   0.47 
2326.0    6.0
2423.0    2.2
2798.0   34.0
2960.0   39.0   
2970.0   6.3
3130.0   0.73
3200.0   0.95
3346.0   0.52
3426.0    1.0
3727.0   0.78
3869.0    3.6
3968.0    1.3
4068.0    2.8
4340.0   11.0
4363.0   13.0
4861.0   22.0
4959.0   0.93
5007.0    3.4
5050.0    6.8
6563.0   77.0
